% #source	#target	#weight
1	479	1.0
1	601	1.0	
2	385	9.0
2	1085	8.0
3	114	2.0
3	116	4.0
3	469	2.0
4	313	2.0
5	13	25.0
5	14	1.0
5	15	40.0
5	108	5.0
5	278	37.0
5	581	35.0
5	995	1.0
6	545	1.0
6	843	20.0
6	1158	21.0
7	308	3.0
7	1176	3.0
8	106	1.0
8	462	1.0
9	418	1.0
9	1046	1.0
10	426	60.0
10	907	55.0
12	142	1.0
12	313	2.0
12	948	3.0
13	14	57.0
13	15	1.0
13	70	1.0
13	261	57.0
13	329	2.0
13	1077	1.0
13	1208	1.0
14	15	31.0
14	131	11.0
14	132	1.0
14	995	24.0
14	1077	55.0
15	328	2.0
15	329	4.0
15	995	2.0
16	1018	4.0
16	1132	4.0
17	150	3.0
17	157	2.0
17	225	5.0
17	315	1.0
17	486	10.0
17	581	12.0
17	914	1.0
18	77	1.0
18	186	1.0
18	808	9.0
18	1015	1.0
18	1154	8.0
19	1140	1.0
20	490	2.0
20	622	4.0
22	1082	1.0
23	665	1.0
23	1157	1.0
25	682	1.0
25	807	1.0
25	877	1.0
25	974	5.0
25	980	2.0
26	44	4.0
26	234	4.0
27	234	8.0
27	356	8.0
28	336	1.0
28	785	1.0
29	996	1.0
29	1057	1.0
30	348	2.0
30	700	2.0
30	701	1.0
30	921	3.0
30	1128	2.0
31	395	1.0
31	1155	1.0
35	57	4.0
35	1128	2.0
35	1204	2.0
37	39	1.0
37	680	1.0
38	679	1.0
38	1001	1.0
40	235	84.0
40	289	1.0
40	393	1.0
40	731	3.0
40	878	15.0
40	1063	66.0
40	1181	4.0
41	878	1.0
41	1063	1.0
42	97	1.0
42	235	86.0
42	290	7.0
42	338	5.0
42	524	55.0
42	639	35.0
42	1008	1.0
43	1063	1.0
44	474	2.0
44	844	4.0
44	1109	2.0
45	61	12.0
45	63	1.0
45	142	4.0
45	345	4.0
45	446	2.0
45	674	46.0
45	1027	67.0
45	1150	1.0
47	244	1.0
47	1195	1.0
49	190	1.0
50	309	1.0
50	518	1.0
51	109	1.0
51	1041	1.0
52	54	17.0
52	761	21.0
53	506	1.0
53	1152	1.0
54	82	1.0
54	244	14.0
54	245	1.0
54	347	16.0
54	460	1.0
54	505	15.0
54	540	5.0
54	1049	5.0
55	892	3.0
55	1168	3.0
56	976	1.0
57	903	5.0
57	904	1.0
59	293	12.0
59	839	8.0
59	1014	4.0
60	142	1.0
60	147	4.0
60	314	2.0
60	316	2.0
60	381	9.0
60	456	7.0
60	674	9.0
60	899	1.0
60	913	20.0
60	1037	7.0
60	1043	15.0
60	1093	1.0
60	1217	1.0
61	314	26.0
61	446	16.0
61	1059	54.0
62	456	1.0
62	1037	1.0
63	316	1.0
63	345	1.0
63	381	2.0
63	555	1.0
63	674	1.0
63	1059	1.0
64	555	4.0
64	1059	5.0
65	247	11.0
65	1097	10.0
65	1110	1.0
67	173	4.0
67	247	9.0
67	860	7.0
67	1016	12.0
67	1097	7.0
67	1214	1.0
69	173	1.0
69	1097	36.0
69	1110	4.0
70	204	1.0
70	300	1.0
70	923	2.0
70	1208	3.0
71	1081	1.0
73	193	2.0
73	1041	2.0
74	662	1.0
74	1063	1.0
75	767	1.0
75	1157	1.0
78	79	2.0
79	663	4.0
80	188	5.0
80	717	1.0
80	734	6.0
81	423	1.0
81	461	1.0
82	1056	1.0
83	98	1.0
83	802	2.0
83	1092	1.0
84	144	6.0
84	823	1.0
84	871	4.0
84	1068	2.0
85	151	28.0
85	267	1.0
85	493	5.0
85	674	57.0
85	708	24.0
85	1150	1.0
85	1199	1.0
86	288	1.0
86	1015	1.0
87	421	1.0
88	89	1.0
88	156	1.0
88	519	1.0
88	903	1.0
89	529	1.0
90	262	7.0
90	270	7.0
91	262	2.0
91	318	11.0
91	483	9.0
92	879	1.0
93	599	1.0
93	600	1.0
94	399	1.0
94	613	1.0
95	100	1.0
95	263	1.0
96	97	1.0
99	402	1.0
99	726	1.0
100	326	1.0
101	103	5.0
101	343	1.0
101	428	25.0
101	453	4.0
101	802	1.0
101	838	38.0
101	1200	1.0
102	103	11.0
102	428	3.0
102	453	11.0
102	454	1.0
102	838	21.0
102	1200	3.0
103	291	17.0
104	343	3.0
104	802	3.0
105	558	1.0
105	1176	1.0
106	608	1.0
108	131	4.0
108	132	1.0
109	631	1.0
111	304	2.0
111	1183	1.0
111	1191	1.0
112	611	1.0
112	1114	1.0
113	381	2.0
113	438	5.0
113	1201	1.0
114	116	1.0
115	1089	1.0
115	1187	1.0
116	235	5.0
117	1080	1.0
118	599	1.0
119	877	1.0
119	974	1.0
120	503	3.0
120	907	3.0
121	160	1.0
121	803	1.0
122	264	1.0
123	1217	1.0
124	155	5.0
124	534	1.0
124	622	4.0
126	553	1.0
126	1141	1.0
128	156	1.0
128	546	1.0
129	1014	1.0
129	1197	1.0
130	793	6.0
130	992	3.0
131	328	3.0
131	329	1.0
131	1077	2.0
133	582	5.0
133	655	5.0
134	224	1.0
136	1014	1.0
136	1098	1.0
137	554	3.0
137	839	5.0
137	1014	13.0
137	1098	14.0
137	1197	1.0
139	970	2.0
141	361	1.0
141	594	1.0
142	321	1.0
142	371	4.0
142	446	1.0
142	555	3.0
142	893	5.0
143	158	127.0
143	777	40.0
143	947	38.0
143	1102	5.0
144	503	3.0
144	732	3.0
145	147	4.0
145	207	4.0
146	996	2.0
146	997	1.0
146	1139	1.0
148	213	17.0
148	540	11.0
148	559	27.0
149	201	2.0
149	204	1.0
149	224	1.0
149	299	1.0
149	300	51.0
149	303	5.0
149	681	1.0
149	903	58.0
149	996	1.0
149	1144	1.0
150	525	1.0
150	670	1.0
150	911	1.0
150	1101	1.0
150	1214	3.0
151	180	1.0
151	492	5.0
151	493	9.0
151	495	25.0
151	532	25.0
151	548	1.0
152	154	1.0
152	308	2.0
152	1176	1.0
153	308	1.0
153	1176	1.0
154	752	1.0
155	206	5.0
155	562	6.0
155	564	1.0
155	873	7.0
157	670	2.0
158	195	3.0
158	196	7.0
158	221	36.0
158	228	14.0
158	231	24.0
158	234	1.0
158	247	10.0
158	311	56.0
158	735	90.0
158	777	24.0
158	806	48.0
158	908	7.0
158	1102	8.0
159	735	1.0
159	908	1.0
160	325	1.0
161	504	1.0
161	628	1.0
164	333	1.0
164	699	19.0
164	774	18.0
164	1140	1.0
165	502	29.0
165	697	24.0
167	502	4.0
167	697	3.0
167	720	4.0
169	437	10.0
169	465	5.0
171	884	2.0
172	996	3.0
173	895	1.0
173	896	44.0
173	947	49.0
173	1097	1.0
174	557	3.0
174	889	2.0
174	890	1.0
175	1123	2.0
175	1162	2.0
176	774	16.0
176	1037	1.0
176	1038	15.0
177	388	3.0
177	1090	2.0
177	1166	1.0
178	359	2.0
178	684	11.0
178	788	5.0
178	1057	1.0
178	1139	4.0
179	186	1.0
179	714	1.0
180	518	1.0
181	492	6.0
181	493	7.0
181	495	1.0
181	1204	14.0
182	451	1.0
182	452	1.0
184	842	2.0
184	1103	2.0
185	949	1.0
185	1042	1.0
188	351	6.0
190	1149	1.0
192	1142	1.0
193	457	3.0
194	330	13.0
194	1194	14.0
195	737	3.0
196	220	2.0
196	438	7.0
196	517	25.0
196	634	1.0
196	736	1.0
196	737	1.0
196	908	30.0
199	501	7.0
199	703	2.0
199	754	73.0
199	757	11.0
199	1011	68.0
199	1141	1.0
199	1142	1.0
200	697	22.0
200	749	2.0
200	751	18.0
201	252	3.0
201	261	1.0
201	300	21.0
201	303	36.0
201	339	82.0
201	996	27.0
202	777	70.0
202	913	31.0
202	1053	4.0
202	1109	35.0
203	255	2.0
203	1059	2.0
204	261	71.0
204	300	116.0
204	301	23.0
204	303	25.0
204	356	66.0
204	923	187.0
205	243	1.0
205	431	1.0
206	553	40.0
206	581	1.0
206	849	1.0
206	896	1.0
206	1021	6.0
206	1022	36.0
206	1024	1.0
207	318	4.0
208	217	1.0
208	1002	2.0
208	1214	3.0
209	303	2.0
209	991	2.0
210	999	1.0
210	1197	1.0
211	999	7.0
211	1192	7.0
212	998	1.0
213	426	44.0
213	540	27.0
214	724	1.0
214	1085	1.0
215	243	14.0
215	1169	13.0
216	845	1.0
216	1210	1.0
217	225	3.0
217	273	3.0
217	315	1.0
217	839	14.0
217	914	84.0
217	999	9.0
217	1016	92.0
217	1023	1.0
217	1133	1.0
217	1214	1.0
218	597	14.0
218	999	9.0
218	1106	5.0
219	247	1.0
219	1097	1.0
220	231	12.0
220	341	12.0
220	735	1.0
220	737	9.0
220	944	12.0
221	231	2.0
221	247	10.0
221	438	4.0
221	960	1.0
221	1027	39.0
222	1121	2.0
223	243	1.0
223	1169	1.0
225	985	2.0
227	754	1.0
227	925	1.0
228	231	5.0
228	247	18.0
228	438	25.0
228	597	1.0
228	960	3.0
229	343	4.0
229	398	4.0
231	247	2.0
231	438	13.0
231	517	4.0
231	736	1.0
231	737	13.0
232	936	2.0
232	1110	2.0
233	1158	1.0
234	1027	1.0
235	317	1.0
235	1203	4.0
236	1025	1.0
237	788	2.0
238	327	1.0
238	416	1.0
240	529	1.0
240	711	1.0
241	392	1.0
241	1088	1.0
243	285	1.0
243	444	4.0
243	852	2.0
243	1006	11.0
244	570	4.0
244	686	9.0
245	686	1.0
247	248	1.0
247	597	16.0
247	656	2.0
247	806	16.0
247	958	3.0
247	1010	10.0
248	806	2.0
249	250	1.0
249	251	1.0
250	699	1.0
251	1076	1.0
252	339	1.0
256	679	3.0
256	883	3.0
258	1017	8.0
258	1043	7.0
258	1081	1.0
260	616	1.0
261	300	2.0
261	486	10.0
261	923	5.0
261	1208	2.0
261	1215	8.0
262	1052	9.0
263	265	1.0
264	265	1.0
264	940	1.0
264	1081	1.0
268	563	1.0
268	982	1.0
269	1116	4.0
269	1175	4.0
270	940	15.0
270	944	1.0
270	1081	20.0
271	789	1.0
271	790	2.0
271	981	3.0
272	730	2.0
272	772	2.0
273	525	17.0
273	839	8.0
273	914	6.0
274	337	10.0
274	1059	10.0
275	943	1.0
275	1163	1.0
276	829	2.0
276	1014	2.0
277	560	3.0
277	594	3.0
278	895	1.0
278	896	39.0
278	936	7.0
278	995	1.0
279	808	1.0
280	750	1.0
281	646	1.0
281	648	1.0
282	736	2.0
282	737	8.0
282	795	4.0
282	797	6.0
283	812	1.0
284	325	1.0
284	631	1.0
285	431	1.0
286	421	1.0
286	705	1.0
287	911	6.0
287	999	4.0
287	1016	13.0
287	1192	15.0
288	959	1.0
290	338	3.0
290	871	3.0
290	1059	10.0
291	618	18.0
291	778	2.0
291	1200	3.0
293	339	1.0
293	354	11.0
293	372	1.0
293	991	1.0
294	304	1.0
294	918	1.0
295	304	1.0
296	907	4.0
296	1123	4.0
297	412	1.0
297	596	1.0
298	352	1.0
298	740	1.0
298	748	17.0
298	815	1.0
298	901	1.0
298	1031	5.0
300	301	2.0
300	356	3.0
300	923	5.0
300	948	1.0
300	996	59.0
301	305	10.0
301	709	1.0
301	739	2.0
301	740	1.0
301	948	11.0
302	671	1.0
303	356	3.0
303	996	6.0
304	429	1.0
304	835	1.0
305	356	70.0
305	739	2.0
305	740	1.0
305	1158	79.0
305	1159	1.0
306	551	4.0
306	844	4.0
308	453	12.0
308	1157	1.0
309	1204	1.0
310	342	1.0
310	501	8.0
310	1058	1.0
311	777	1.0
311	947	6.0
312	437	16.0
312	749	2.0
312	751	19.0
314	674	1.0
314	721	29.0
315	923	1.0
315	991	1.0
316	446	3.0
316	1201	3.0
317	611	1.0
318	1081	7.0
319	474	2.0
319	1095	2.0
320	995	35.0
320	1026	1.0
320	1158	36.0
321	446	10.0
321	692	11.0
322	423	1.0
322	966	1.0
326	781	1.0
327	435	1.0
328	995	2.0
328	1077	3.0
329	995	6.0
329	1077	1.0
330	763	7.0
330	1211	3.0
331	758	1.0
331	759	1.0
332	333	1.0
332	743	1.0
332	824	1.0
332	1021	1.0
334	824	43.0
334	1021	41.0
334	1022	2.0
335	793	6.0
335	970	7.0
335	971	1.0
336	504	47.0
336	628	1.0
336	655	1.0
336	858	66.0
336	902	4.0
336	943	1.0
337	338	4.0
338	639	5.0
338	645	4.0
338	716	2.0
339	344	79.0
339	354	2.0
339	362	1.0
339	372	8.0
339	532	3.0
339	991	5.0
339	996	3.0
340	424	1.0
340	1061	1.0
341	736	1.0
341	737	2.0
341	795	12.0
341	797	11.0
341	944	10.0
341	960	14.0
341	1028	1.0
341	1154	17.0
342	915	1.0
344	372	1.0
344	531	9.0
344	532	70.0
345	531	5.0
346	605	1.0
346	753	1.0
346	915	2.0
347	571	7.0
347	940	14.0
347	944	1.0
348	1114	2.0
349	861	1.0
349	901	1.0
350	473	1.0
350	524	3.0
350	1203	4.0
351	718	1.0
351	719	3.0
351	1155	10.0
352	429	1.0
352	533	1.0
352	1036	1.0
353	451	1.0
353	452	3.0
353	965	2.0
354	548	1.0
354	666	27.0
354	879	8.0
354	1121	11.0
355	816	1.0
355	964	1.0
356	739	1.0
356	758	7.0
356	759	1.0
356	948	1.0
357	547	2.0
357	1020	2.0
358	951	2.0
358	987	2.0
359	620	1.0
359	996	1.0
360	605	14.0
360	753	11.0
360	915	28.0
360	1165	7.0
360	1174	1.0
361	440	1.0
363	517	22.0
363	999	22.0
365	375	1.0
365	412	1.0
367	1021	1.0
367	1066	1.0
369	445	1.0
369	767	1.0
370	903	1.0
370	1076	1.0
371	948	4.0
372	666	19.0
372	703	1.0
373	666	2.0
374	465	1.0
377	535	1.0
377	878	12.0
377	1008	9.0
381	692	29.0
381	944	47.0
381	1201	9.0
382	1200	1.0
383	761	1.0
384	1012	1.0
384	1086	1.0
385	547	1.0
385	1006	11.0
386	695	4.0
386	1107	5.0
388	814	3.0
389	995	66.0
389	1087	1.0
389	1088	63.0
390	560	1.0
390	562	7.0
390	615	1.0
390	1170	1.0
390	1178	5.0
390	1179	4.0
391	788	1.0
391	789	1.0
391	790	2.0
391	1021	4.0
392	869	3.0
392	1087	5.0
393	955	1.0
394	632	1.0
394	778	1.0
395	548	1.0
396	1156	2.0
397	871	1.0
397	1042	1.0
397	1162	1.0
397	1203	1.0
398	580	4.0
399	815	1.0
400	1181	2.0
401	734	4.0
401	972	1.0
401	1032	1.0
402	803	22.0
402	961	29.0
403	962	2.0
403	984	1.0
404	651	48.0
404	964	44.0
405	526	7.0
405	584	3.0
405	587	9.0
405	591	2.0
406	504	2.0
406	846	15.0
406	953	18.0
407	614	1.0
407	1124	1.0
408	940	2.0
409	758	1.0
409	760	1.0
414	439	4.0
414	1018	4.0
415	426	5.0
415	1202	5.0
416	851	1.0
418	952	1.0
418	986	1.0
418	1148	1.0
421	602	1.0
421	1147	1.0
424	1149	1.0
425	608	2.0
425	1103	2.0
426	945	10.0
427	439	3.0
427	1019	3.0
428	780	27.0
429	826	4.0
429	1183	1.0
429	1191	1.0
430	965	7.0
432	918	1.0
434	560	1.0
435	436	1.0
436	1038	1.0
437	783	1.0
437	931	1.0
437	932	6.0
438	446	20.0
438	944	25.0
438	1028	1.0
439	745	7.0
440	441	1.0
442	443	1.0
442	1089	1.0
443	1166	1.0
444	545	1.0
444	546	5.0
444	547	22.0
444	811	2.0
444	1165	11.0
446	1027	14.0
447	617	1.0
447	836	1.0
448	649	1.0
448	1205	3.0
449	613	1.0
449	705	1.0
451	648	2.0
453	454	1.0
453	838	2.0
454	838	1.0
454	1131	1.0
455	469	2.0
455	1080	2.0
456	578	2.0
456	661	2.0
456	700	2.0
456	701	1.0
456	1170	1.0
456	1178	5.0
456	1179	5.0
457	775	3.0
458	502	1.0
458	557	3.0
458	559	8.0
458	697	3.0
458	792	1.0
458	845	2.0
458	910	1.0
458	919	11.0
458	994	1.0
458	1202	3.0
459	559	5.0
459	845	1.0
459	919	9.0
459	1202	3.0
460	505	13.0
460	968	6.0
460	969	8.0
461	1131	1.0
462	463	1.0
463	870	1.0
466	686	10.0
466	781	5.0
468	522	1.0
468	760	1.0
473	524	4.0
474	977	3.0
474	1095	3.0
475	977	2.0
475	1095	2.0
476	1109	4.0
477	487	1.0
477	801	1.0
477	1070	2.0
478	480	1.0
479	1203	1.0
480	567	2.0
480	600	1.0
483	1052	9.0
484	749	18.0
484	1077	18.0
485	486	2.0
485	1215	2.0
487	892	1.0
488	668	2.0
489	603	1.0
489	678	1.0
490	548	1.0
490	549	1.0
492	493	31.0
492	494	1.0
492	708	8.0
493	495	12.0
493	531	1.0
493	532	11.0
494	1059	1.0
495	531	9.0
495	532	44.0
495	708	6.0
495	1059	84.0
497	1014	1.0
497	1197	1.0
498	540	5.0
498	842	4.0
501	843	1.0
501	859	1.0
501	1142	3.0
502	720	6.0
502	840	1.0
502	964	40.0
504	582	19.0
504	846	73.0
504	953	1.0
504	1163	21.0
505	506	4.0
505	650	1.0
505	974	9.0
505	1039	16.0
506	1152	1.0
517	960	10.0
517	1027	17.0
519	858	1.0
521	846	1.0
521	1044	1.0
522	966	1.0
524	692	37.0
524	1059	24.0
524	1210	1.0
525	581	4.0
525	936	5.0
525	1112	3.0
525	1216	6.0
526	562	1.0
526	564	1.0
526	738	7.0
526	852	1.0
526	1145	1.0
527	938	3.0
527	940	3.0
527	965	3.0
527	977	2.0
527	1207	1.0
528	938	4.0
528	940	1.0
528	977	3.0
528	1207	5.0
530	542	3.0
530	567	1.0
530	599	2.0
530	1047	1.0
532	1121	2.0
532	1122	4.0
533	990	1.0
534	718	1.0
534	719	2.0
534	990	1.0
536	640	1.0
536	655	1.0
540	542	5.0
540	600	3.0
540	648	37.0
540	1047	2.0
541	542	12.0
541	567	10.0
541	599	2.0
542	543	8.0
542	648	26.0
543	600	1.0
543	828	2.0
545	546	1.0
545	547	2.0
545	843	3.0
546	684	1.0
546	843	6.0
547	652	1.0
547	684	3.0
547	688	40.0
547	843	12.0
547	1139	11.0
547	1158	43.0
548	841	1.0
549	719	3.0
549	841	4.0
550	610	1.0
550	708	38.0
550	1114	38.0
551	1018	4.0
552	965	3.0
552	1207	4.0
553	671	1.0
553	915	37.0
553	990	2.0
553	1160	1.0
554	721	3.0
554	1098	2.0
554	1106	2.0
555	1095	2.0
555	1109	2.0
556	884	2.0
556	916	2.0
559	990	1.0
559	1052	1.0
559	1202	3.0
559	1210	40.0
560	916	2.0
563	615	1.0
564	565	3.0
565	841	3.0
567	568	5.0
567	571	10.0
567	600	1.0
567	601	1.0
568	569	1.0
568	571	5.0
569	646	1.0
571	1017	8.0
577	578	2.0
577	903	1.0
577	1144	1.0
579	617	1.0
579	723	1.0
580	770	4.0
581	670	4.0
581	1112	1.0
581	1216	36.0
582	785	3.0
582	968	5.0
582	969	8.0
583	785	1.0
583	968	1.0
584	889	1.0
584	890	1.0
585	660	2.0
585	822	2.0
586	660	2.0
586	889	1.0
586	890	1.0
587	659	13.0
587	1135	1.0
589	590	2.0
589	1134	2.0
591	658	2.0
592	1126	1.0
593	986	2.0
593	1126	3.0
594	740	1.0
594	786	2.0
594	898	1.0
594	1031	5.0
595	786	1.0
596	786	1.0
597	999	2.0
597	1016	1.0
598	730	2.0
598	1129	2.0
599	828	1.0
600	828	1.0
600	1123	3.0
602	1105	1.0
603	605	2.0
603	915	1.0
603	1155	1.0
604	605	1.0
604	915	1.0
605	606	6.0
605	607	1.0
605	688	40.0
605	753	3.0
605	894	2.0
605	995	1.0
605	1088	1.0
605	1155	10.0
606	915	5.0
606	1165	4.0
607	1165	1.0
607	1174	1.0
610	920	1.0
612	752	1.0
614	1125	2.0
616	713	1.0
618	953	18.0
620	996	76.0
620	1075	72.0
621	1181	2.0
623	624	1.0
623	857	1.0
625	1140	2.0
626	809	1.0
629	663	4.0
629	892	4.0
630	1086	1.0
631	778	1.0
631	883	1.0
632	776	1.0
634	1027	1.0
635	636	1.0
635	638	1.0
635	679	2.0
635	704	1.0
636	637	2.0
636	638	1.0
636	781	4.0
639	643	1.0
639	1059	39.0
640	642	1.0
640	858	10.0
640	903	10.0
641	642	2.0
641	858	35.0
641	903	35.0
642	858	9.0
642	903	10.0
644	1059	1.0
645	1059	4.0
648	795	4.0
648	796	4.0
648	797	4.0
648	840	1.0
648	938	41.0
648	965	4.0
648	1015	7.0
648	1047	3.0
649	699	1.0
650	805	1.0
651	1087	1.0
651	1088	47.0
652	684	1.0
654	664	3.0
654	965	3.0
655	805	21.0
655	858	25.0
656	1016	1.0
656	1214	1.0
657	857	1.0
657	1148	1.0
658	822	2.0
659	822	13.0
659	824	1.0
661	805	2.0
666	1204	6.0
667	668	3.0
667	695	3.0
671	709	1.0
671	711	1.0
671	996	1.0
671	997	3.0
672	745	2.0
672	1070	2.0
673	913	1.0
673	1043	1.0
675	981	1.0
676	754	2.0
676	1065	2.0
678	1198	1.0
679	872	1.0
679	979	1.0
680	877	1.0
683	808	1.0
685	915	1.0
685	1155	1.0
689	745	6.0
689	1070	6.0
690	691	2.0
690	746	2.0
691	1070	2.0
692	967	1.0
692	1201	4.0
692	1213	4.0
696	697	2.0
696	751	2.0
697	832	3.0
697	970	2.0
697	1032	4.0
699	846	20.0
699	1061	1.0
702	749	17.0
702	1194	17.0
703	903	1.0
703	1218	2.0
704	1147	1.0
706	892	5.0
706	1168	5.0
707	780	16.0
707	1070	16.0
707	1218	2.0
708	871	1.0
708	984	1.0
709	1013	1.0
709	1212	1.0
713	1185	1.0
714	881	4.0
714	1049	5.0
717	816	1.0
719	1173	2.0
721	888	4.0
721	999	21.0
721	1133	1.0
722	1043	1.0
723	1076	1.0
724	1087	1.0
724	1088	5.0
725	726	1.0
729	731	3.0
730	1146	4.0
732	987	3.0
733	849	1.0
733	1011	1.0
735	895	1.0
735	1016	54.0
735	1023	1.0
735	1097	5.0
735	1109	1.0
735	1110	10.0
735	1214	20.0
736	1109	1.0
737	1109	8.0
737	1207	10.0
738	928	5.0
738	1193	1.0
739	948	1.0
741	1059	1.0
742	907	39.0
742	951	33.0
742	976	1.0
744	1019	3.0
744	1175	2.0
746	885	2.0
748	1105	17.0
750	1036	1.0
753	817	20.0
753	894	5.0
754	756	1.0
754	757	3.0
754	761	33.0
754	998	1.0
754	1075	69.0
755	756	1.0
756	811	2.0
757	1169	14.0
758	907	7.0
759	862	1.0
759	907	1.0
760	907	2.0
761	762	1.0
761	865	10.0
762	989	1.0
763	1107	5.0
763	1211	1.0
765	937	4.0
765	1146	4.0
770	926	6.0
771	803	14.0
771	1049	14.0
775	846	3.0
776	953	1.0
777	839	2.0
777	947	5.0
777	1016	2.0
778	1003	2.0
780	1041	3.0
784	832	3.0
784	992	3.0
788	789	1.0
788	996	5.0
789	1062	1.0
792	919	3.0
795	1154	6.0
796	1207	4.0
797	1154	7.0
797	1207	2.0
800	1068	1.0
800	1153	1.0
801	892	1.0
802	1185	1.0
803	926	6.0
803	1117	2.0
805	1039	19.0
806	1016	41.0
806	1097	10.0
808	919	1.0
808	974	1.0
808	1063	1.0
808	1064	1.0
809	863	1.0
812	1128	1.0
814	1190	3.0
816	817	1.0
817	963	3.0
817	964	16.0
821	1134	1.0
822	1023	17.0
823	993	1.0
824	921	3.0
824	1037	2.0
824	1134	40.0
826	881	4.0
829	1121	2.0
833	843	1.0
833	915	1.0
834	1018	4.0
834	1175	4.0
836	1196	1.0
838	1063	64.0
839	906	1.0
839	1014	24.0
839	1197	14.0
841	1184	1.0
842	1079	1.0
843	893	1.0
845	990	2.0
846	1140	23.0
851	971	1.0
852	1145	1.0
854	876	1.0
854	979	2.0
854	980	1.0
854	981	2.0
855	979	1.0
855	980	1.0
858	902	4.0
858	903	1.0
858	1128	33.0
859	1198	1.0
860	999	7.0
861	898	1.0
862	1104	1.0
863	879	1.0
864	945	1.0
866	1175	1.0
866	1176	1.0
867	964	2.0
869	1088	3.0
872	876	1.0
872	877	1.0
873	932	7.0
873	982	1.0
873	1136	1.0
879	1098	8.0
883	1079	2.0
885	886	2.0
886	974	2.0
888	1197	4.0
890	1193	1.0
891	1008	1.0
891	1202	1.0
894	915	6.0
896	1097	3.0
896	1112	3.0
896	1216	8.0
897	1132	1.0
897	1199	1.0
899	915	1.0
903	1090	2.0
903	1166	1.0
908	1109	36.0
908	1207	2.0
911	1110	7.0
912	913	1.0
913	1035	3.0
913	1095	12.0
914	923	89.0
914	991	2.0
919	1015	11.0
919	1154	11.0
920	1128	1.0
923	991	7.0
923	1014	89.0
924	991	4.0
925	955	1.0
925	1063	2.0
928	1138	4.0
930	1121	5.0
937	1138	4.0
938	965	2.0
938	1207	34.0
940	1109	4.0
942	1093	1.0
945	1008	11.0
948	996	1.0
948	997	6.0
951	961	30.0
951	962	2.0
952	1196	1.0
957	1123	1.0
957	1162	1.0
958	1016	3.0
959	1121	1.0
961	987	1.0
964	1211	4.0
970	1037	1.0
970	1038	6.0
972	982	2.0
972	1032	2.0
974	1113	2.0
985	1014	2.0
990	1201	2.0
991	1014	2.0
992	1046	2.0
992	1096	1.0
993	1162	1.0
994	1015	1.0
995	1012	1.0
995	1077	31.0
995	1208	6.0
995	1215	7.0
996	997	2.0
996	1139	2.0
997	1139	12.0
999	1010	1.0
999	1027	14.0
999	1101	11.0
999	1106	5.0
999	1192	8.0
999	1197	15.0
1002	1016	2.0
1002	1030	4.0
1003	1080	2.0
1006	1020	2.0
1006	1165	1.0
1010	1027	9.0
1011	1021	67.0
1011	1025	1.0
1011	1142	3.0
1013	1158	1.0
1014	1030	4.0
1014	1098	1.0
1014	1206	7.0
1015	1154	10.0
1016	1101	2.0
1016	1214	1.0
1021	1022	2.0
1021	1023	17.0
1022	1024	2.0
1026	1215	3.0
1029	1202	1.0
1032	1033	1.0
1035	1102	3.0
1037	1092	1.0
1037	1105	22.0
1037	1134	38.0
1037	1166	1.0
1038	1099	4.0
1043	1083	40.0
1043	1091	22.0
1043	1093	1.0
1043	1095	53.0
1044	1115	1.0
1052	1213	1.0
1053	1095	45.0
1053	1109	41.0
1056	1162	1.0
1059	1213	43.0
1060	1140	19.0
1060	1168	16.0
1062	1152	1.0
1065	1066	1.0
1065	1152	3.0
1068	1069	1.0
1069	1195	1.0
1070	1071	1.0
1070	1190	8.0
1080	1163	20.0
1081	1083	41.0
1081	1091	21.0
1082	1091	1.0
1083	1093	1.0
1085	1088	7.0
1087	1088	4.0
1093	1095	9.0
1096	1118	1.0
1097	1110	2.0
1097	1111	4.0
1097	1214	3.0
1098	1120	1.0
1098	1121	39.0
1098	1122	4.0
1098	1192	34.0
1099	1126	4.0
1101	1112	2.0
1101	1216	10.0
1102	1109	10.0
1105	1134	1.0
1106	1192	4.0
1106	1197	4.0
1109	1207	34.0
1110	1112	3.0
1110	1216	2.0
1111	1216	4.0
1113	1125	2.0
1114	1163	36.0
1116	1117	3.0
1120	1204	1.0
1121	1204	40.0
1125	1132	3.0
1125	1205	3.0
1128	1204	34.0
1156	1176	2.0
1157	1176	3.0
1158	1160	4.0
1158	1161	1.0
1158	1212	1.0
1173	1174	1.0
1179	1180	1.0
1187	1190	5.0
1197	1206	7.0
1210	1213	40.0
1214	1216	19.0