% #Source	#Target	#Weight
1	2	5.0
1	4	1.0
2	3	5.0
3	4	5.0
4	5	9.0
4	83	5.0
5	6	9.0
6	4	2.0
6	842	1.0
7	6	17.0
8	7	18.0
9	8	18.0
10	9	24.0
10	46	2.0
10	85	1.0
10	337	2.0
11	10	26.0
11	124	10.0
11	125	5.0
11	126	2.0
11	829	1.0
12	11	25.0
13	11	3.0
13	12	25.0
13	47	9.0
13	89	1.0
13	126	8.0
13	607	1.0
14	13	23.0
14	15	13.0
14	16	4.0
15	16	13.0
16	17	4.0
16	18	7.0
16	19	4.0
16	130	2.0
17	18	3.0
17	90	1.0
18	19	20.0
18	287	5.0
19	20	17.0
19	91	1.0
19	239	2.0
19	830	2.0
19	836	1.0
20	48	6.0
20	624	2.0
20	843	2.0
21	20	18.0
21	22	18.0
21	23	1.0
21	97	2.0
22	23	17.0
22	291	1.0
23	24	8.0
23	25	10.0
24	604	4.0
25	24	12.0
25	27	3.0
25	28	7.0
26	25	15.0
26	27	9.0
26	211	9.0
27	28	12.0
28	29	23.0
28	214	1.0
29	30	9.0
29	32	13.0
29	525	1.0
29	2020	1.0
30	31	10.0
31	32	10.0
32	132	14.0
32	133	1.0
32	280	6.0
32	605	3.0
32	699	3.0
32	873	1.0
33	32	22.0
33	480	14.0
33	716	2.0
34	33	21.0
35	34	29.0
35	1813	1.0
36	35	30.0
36	37	10.0
36	61	19.0
36	642	1.0
37	38	3.0
37	39	12.0
37	62	4.0
37	99	7.0
38	39	4.0
38	99	1.0
39	40	3.0
39	62	6.0
39	99	7.0
40	41	3.0
41	42	3.0
42	43	3.0
44	43	4.0
45	44	4.0
46	85	5.0
46	684	6.0
47	46	7.0
48	49	4.0
48	50	1.0
48	843	2.0
48	845	1.0
49	50	4.0
50	25	1.0
50	51	7.0
50	682	3.0
51	52	7.0
52	26	3.0
52	53	4.0
53	26	4.0
53	54	1.0
53	643	4.0
54	56	2.0
54	852	1.0
55	54	9.0
55	56	9.0
56	28	4.0
56	57	4.0
56	478	4.0
56	714	2.0
56	851	1.0
56	867	1.0
57	58	4.0
58	59	4.0
59	33	7.0
59	34	5.0
59	60	9.0
59	871	2.0
60	34	9.0
61	37	17.0
61	38	2.0
61	62	1.0
62	63	10.0
62	99	5.0
62	265	12.0
63	64	12.0
64	65	12.0
64	66	2.0
65	66	13.0
66	68	2.0
66	544	3.0
67	66	12.0
67	69	2.0
68	67	13.0
69	68	15.0
70	69	17.0
70	71	4.0
70	545	7.0
70	546	2.0
71	1466	4.0
72	71	8.0
73	72	8.0
73	74	5.0
73	1467	3.0
73	1468	1.0
74	75	5.0
75	76	5.0
76	77	5.0
77	78	4.0
77	1485	1.0
78	79	4.0
79	534	2.0
79	536	2.0
80	79	7.0
81	80	5.0
82	81	5.0
82	899	1.0
82	1450	4.0
83	82	4.0
84	10	4.0
84	137	1.0
84	547	8.0
84	548	2.0
85	84	4.0
86	47	3.0
87	86	1.0
88	86	2.0
88	87	1.0
89	88	1.0
90	18	1.0
91	20	1.0
92	91	3.0
93	92	3.0
93	94	5.0
93	243	4.0
93	834	1.0
94	95	5.0
95	96	4.0
95	291	1.0
96	21	4.0
97	98	2.0
98	22	2.0
99	100	7.0
99	785	1.0
100	101	4.0
100	419	16.0
100	420	1.0
100	466	14.0
101	102	10.0
102	103	5.0
102	467	6.0
102	1064	2.0
103	104	11.0
104	106	1.0
104	424	5.0
105	104	13.0
106	105	13.0
106	762	2.0
106	1535	2.0
107	106	13.0
108	107	13.0
108	109	3.0
109	938	4.0
110	109	7.0
110	111	3.0
111	112	3.0
111	881	5.0
111	939	4.0
112	113	4.0
112	883	6.0
112	1219	1.0
113	114	6.0
113	1154	2.0
114	115	10.0
114	116	1.0
114	884	9.0
115	116	10.0
116	117	7.0
116	118	1.0
116	940	3.0
117	118	3.0
117	1244	1.0
118	448	2.0
118	1235	1.0
119	118	5.0
120	119	11.0
120	735	4.0
121	10	1.0
121	122	8.0
121	337	4.0
121	816	1.0
121	827	2.0
122	123	7.0
122	2265	1.0
123	11	4.0
124	121	7.0
124	122	4.0
124	123	6.0
124	337	1.0
124	402	2.0
124	802	1.0
124	817	1.0
124	2266	1.0
125	126	5.0
126	127	9.0
126	210	6.0
127	128	9.0
128	129	9.0
129	130	9.0
130	18	13.0
131	32	21.0
131	132	14.0
132	133	28.0
133	134	32.0
133	701	3.0
133	854	1.0
134	226	3.0
135	134	35.0
135	136	17.0
135	137	17.0
136	137	17.0
137	176	8.0
137	227	10.0
137	357	3.0
137	721	6.0
137	874	1.0
137	1406	4.0
138	137	3.0
139	138	3.0
139	140	2.0
140	141	2.0
141	142	2.0
142	143	3.0
142	197	23.0
143	661	4.0
144	143	7.0
144	145	5.0
144	301	1.0
144	1590	1.0
145	146	5.0
147	146	9.0
148	147	9.0
149	131	9.0
149	700	1.0
150	149	9.0
150	151	12.0
151	152	5.0
151	236	6.0
151	237	2.0
152	153	5.0
152	823	1.0
153	154	5.0
154	155	5.0
155	156	5.0
156	157	5.0
157	158	6.0
158	159	5.0
159	142	5.0
160	142	24.0
160	301	9.0
161	160	15.0
162	161	12.0
163	162	12.0
164	163	14.0
165	164	14.0
165	308	2.0
166	165	9.0
167	166	8.0
168	167	8.0
168	281	3.0
169	168	7.0
169	1634	4.0
170	169	4.0
171	170	4.0
172	171	4.0
173	172	4.0
174	173	4.0
175	174	4.0
176	84	13.0
177	84	13.0
177	178	11.0
178	179	11.0
179	177	2.0
179	521	3.0
180	179	12.0
180	182	2.0
180	521	7.0
180	1407	8.0
181	180	14.0
181	183	1.0
182	181	22.0
183	182	24.0
183	2119	2.0
184	183	14.0
184	185	3.0
185	259	9.0
185	1755	1.0
186	185	10.0
186	188	2.0
186	259	2.0
187	186	10.0
188	187	9.0
188	1495	10.0
188	1497	1.0
189	187	1.0
189	188	12.0
189	1496	1.0
190	189	15.0
191	190	10.0
191	192	1.0
191	193	1.0
191	260	9.0
191	1747	1.0
192	363	15.0
193	192	17.0
193	365	1.0
193	366	1.0
193	1685	3.0
194	193	1.0
195	194	2.0
196	195	2.0
197	137	21.0
197	661	1.0
198	161	8.0
198	163	4.0
198	1595	4.0
199	198	7.0
200	198	1.0
200	199	7.0
200	795	1.0
200	1594	2.0
201	200	4.0
202	201	4.0
202	1662	1.0
203	202	5.0
204	203	5.0
205	204	5.0
206	205	5.0
206	1627	1.0
206	1663	1.0
207	206	4.0
207	208	3.0
207	307	1.0
208	209	1.0
208	307	3.0
208	1621	2.0
208	1682	7.0
209	1643	1.0
210	14	6.0
211	212	6.0
211	660	3.0
212	213	6.0
212	214	2.0
212	543	1.0
213	28	8.0
213	214	4.0
213	543	8.0
214	215	7.0
215	216	3.0
215	270	4.0
216	217	2.0
216	698	1.0
217	29	1.0
217	218	2.0
218	219	2.0
218	525	2.0
219	220	2.0
219	221	2.0
219	280	5.0
220	221	4.0
221	150	2.0
221	222	2.0
222	223	2.0
223	221	3.0
223	224	4.0
224	133	3.0
224	225	1.0
225	133	1.0
226	133	3.0
227	135	3.0
228	227	4.0
229	228	9.0
230	229	9.0
231	230	7.0
232	231	7.0
233	230	1.0
233	232	7.0
234	230	1.0
234	233	8.0
234	878	1.0
235	234	6.0
236	235	6.0
237	152	1.0
238	237	2.0
239	240	2.0
239	290	1.0
240	19	2.0
240	241	1.0
240	288	1.0
241	239	1.0
242	240	2.0
242	241	3.0
243	242	5.0
243	616	1.0
244	93	5.0
244	245	5.0
245	246	5.0
246	247	5.0
247	95	2.0
247	248	6.0
248	249	7.0
249	250	7.0
250	251	5.0
250	644	2.0
251	252	5.0
252	253	5.0
253	254	1.0
253	296	4.0
254	255	3.0
254	299	1.0
255	256	3.0
255	300	1.0
255	541	1.0
256	257	5.0
257	258	9.0
258	218	2.0
258	219	7.0
259	184	9.0
260	190	8.0
261	260	13.0
262	260	4.0
262	261	12.0
262	362	10.0
262	1607	5.0
263	137	7.0
263	264	5.0
264	137	2.0
264	1406	1.0
265	264	14.0
265	623	4.0
266	62	10.0
267	266	10.0
267	722	1.0
268	62	1.0
268	63	2.0
268	267	9.0
268	269	3.0
268	722	3.0
270	271	4.0
271	272	4.0
272	257	4.0
273	227	6.0
273	228	11.0
273	274	5.0
274	228	6.0
275	274	6.0
275	276	5.0
276	277	5.0
277	275	6.0
278	277	6.0
279	278	6.0
280	220	2.0
280	525	3.0
280	699	1.0
281	282	3.0
283	403	16.0
283	586	3.0
283	587	12.0
283	760	4.0
284	283	4.0
285	284	2.0
286	285	2.0
286	811	1.0
286	812	2.0
287	286	3.0
287	806	1.0
287	811	1.0
287	813	1.0
288	18	1.0
289	288	2.0
290	241	1.0
290	289	2.0
291	248	1.0
292	208	6.0
293	292	6.0
294	293	6.0
295	294	6.0
296	297	4.0
297	298	1.0
297	299	3.0
298	254	3.0
298	675	1.0
299	255	2.0
299	298	2.0
299	541	8.0
300	256	2.0
301	161	1.0
301	302	13.0
302	303	13.0
303	358	10.0
303	648	1.0
303	791	4.0
304	303	4.0
304	1671	2.0
305	304	4.0
306	305	4.0
307	306	4.0
307	1666	1.0
308	310	1.0
308	797	5.0
309	200	2.0
309	308	6.0
309	797	1.0
310	309	4.0
311	310	5.0
312	311	5.0
312	795	6.0
312	798	1.0
313	312	1.0
313	796	9.0
314	313	11.0
314	1676	7.0
315	314	7.0
315	1593	3.0
315	1676	2.0
316	315	2.0
316	1669	1.0
316	1670	1.0
317	316	2.0
317	1592	3.0
318	317	6.0
319	318	6.0
320	319	6.0
321	320	6.0
322	183	17.0
323	322	17.0
323	1490	1.0
324	323	16.0
325	324	16.0
326	325	16.0
326	328	2.0
326	1102	7.0
327	326	27.0
328	327	27.0
328	486	2.0
328	489	3.0
328	904	12.0
329	328	13.0
330	329	13.0
331	330	14.0
331	1523	4.0
332	333	1.0
332	777	4.0
333	334	1.0
334	776	6.0
335	334	7.0
335	337	1.0
336	121	1.0
336	335	7.0
336	337	5.0
336	789	1.0
337	122	3.0
337	789	2.0
337	804	1.0
337	814	2.0
338	326	12.0
339	338	11.0
339	1939	1.0
340	339	9.0
341	340	9.0
342	341	9.0
342	343	4.0
342	344	9.0
343	344	4.0
344	345	5.0
344	346	2.0
344	923	18.0
345	346	5.0
346	347	3.0
346	933	5.0
347	348	3.0
348	349	3.0
350	615	2.0
350	767	2.0
351	350	2.0
351	352	2.0
352	418	4.0
353	352	7.0
353	354	16.0
354	355	21.0
354	465	15.0
354	477	10.0
355	59	6.0
355	356	13.0
355	768	2.0
356	59	13.0
357	197	3.0
358	359	10.0
359	208	5.0
359	1591	2.0
360	359	11.0
361	360	11.0
362	361	11.0
362	1608	1.0
363	191	16.0
363	1683	1.0
364	193	16.0
365	364	13.0
366	364	3.0
366	365	14.0
366	369	1.0
366	370	1.0
367	366	16.0
368	367	10.0
368	1751	1.0
369	367	6.0
369	368	9.0
370	367	1.0
370	369	16.0
370	915	1.0
370	916	3.0
371	370	12.0
372	370	6.0
372	371	12.0
372	375	6.0
373	372	5.0
374	372	6.0
374	373	6.0
375	373	1.0
375	374	10.0
375	378	1.0
375	1445	4.0
376	375	6.0
376	378	1.0
377	375	7.0
377	376	5.0
378	377	12.0
378	1439	3.0
379	378	15.0
379	382	1.0
379	1438	1.0
379	1439	2.0
379	2101	1.0
380	379	9.0
381	379	4.0
381	380	9.0
382	381	12.0
382	1409	3.0
383	382	6.0
383	1791	4.0
384	383	2.0
385	384	2.0
385	1432	1.0
386	385	2.0
387	386	1.0
388	387	1.0
389	388	1.0
389	1410	2.0
390	389	3.0
391	390	3.0
391	1420	1.0
392	391	4.0
392	395	3.0
392	1413	5.0
392	1430	1.0
392	1431	3.0
393	392	2.0
393	1414	2.0
394	392	3.0
394	393	7.0
395	394	3.0
396	395	4.0
396	397	3.0
397	394	1.0
397	395	2.0
397	1411	4.0
397	1694	1.0
398	397	10.0
398	1416	3.0
399	398	7.0
399	400	3.0
400	1734	2.0
401	400	4.0
401	1748	1.0
402	126	5.0
402	705	10.0
403	402	17.0
403	828	1.0
404	283	10.0
404	405	7.0
405	406	8.0
405	505	1.0
405	591	1.0
405	593	2.0
406	761	1.0
407	406	8.0
408	407	8.0
409	408	8.0
409	410	15.0
409	411	8.0
409	509	7.0
409	727	3.0
410	411	15.0
412	411	22.0
412	414	6.0
412	786	2.0
413	412	14.0
413	764	1.0
414	413	14.0
414	611	1.0
414	613	5.0
415	414	12.0
415	416	9.0
415	417	4.0
416	417	9.0
417	352	1.0
417	476	18.0
418	351	1.0
418	353	25.0
418	417	30.0
419	99	13.0
419	729	7.0
420	466	8.0
421	420	9.0
422	421	9.0
423	422	10.0
424	423	10.0
424	762	2.0
425	424	6.0
425	426	3.0
425	427	3.0
426	427	4.0
427	428	7.0
428	429	7.0
429	430	7.0
430	431	7.0
431	432	9.0
432	433	9.0
433	434	5.0
433	963	2.0
433	1093	2.0
434	435	6.0
434	1233	2.0
434	1241	1.0
435	436	5.0
435	437	1.0
436	437	5.0
437	438	5.0
437	2153	1.0
438	472	14.0
438	473	9.0
438	474	2.0
438	526	5.0
439	626	6.0
440	439	8.0
440	441	8.0
441	442	8.0
442	443	8.0
443	444	6.0
444	50	6.0
446	445	8.0
447	446	5.0
447	940	1.0
448	447	2.0
449	120	14.0
450	120	2.0
450	449	14.0
450	887	5.0
451	450	8.0
452	450	6.0
452	451	8.0
452	734	2.0
453	452	13.0
453	533	3.0
453	1149	1.0
453	1265	1.0
454	453	11.0
455	453	2.0
455	454	11.0
455	1094	4.0
456	455	5.0
457	455	2.0
457	456	5.0
457	1144	7.0
458	457	12.0
459	458	10.0
459	659	5.0
460	459	4.0
461	459	1.0
461	460	11.0
462	461	11.0
462	464	5.0
463	462	6.0
464	463	6.0
465	353	15.0
466	101	6.0
466	630	1.0
466	1063	1.0
467	103	6.0
468	108	7.0
469	468	9.0
469	1234	2.0
470	469	9.0
471	470	9.0
471	472	9.0
473	474	9.0
474	475	11.0
475	457	11.0
476	510	16.0
476	853	2.0
477	478	10.0
479	478	14.0
480	479	14.0
481	79	5.0
482	481	6.0
483	482	6.0
483	1482	3.0
484	483	3.0
484	486	1.0
484	1761	1.0
485	484	5.0
485	488	2.0
486	485	2.0
487	486	8.0
488	486	5.0
489	488	3.0
490	331	8.0
490	926	5.0
491	490	3.0
492	491	3.0
493	492	3.0
493	1449	10.0
494	493	4.0
494	540	8.0
495	494	12.0
495	1758	1.0
496	495	13.0
497	496	13.0
497	539	9.0
498	500	1.0
498	501	1.0
499	498	4.0
499	501	1.0
500	499	5.0
501	500	4.0
502	501	5.0
503	502	5.0
504	503	6.0
505	504	6.0
505	761	6.0
506	505	7.0
507	506	7.0
508	507	7.0
509	508	7.0
510	414	16.0
511	66	10.0
511	513	2.0
511	2127	1.0
512	511	10.0
513	512	7.0
513	515	2.0
514	513	7.0
515	512	3.0
515	514	7.0
516	515	6.0
517	515	5.0
517	516	6.0
518	517	10.0
519	518	10.0
520	519	10.0
521	520	10.0
521	691	6.0
522	180	14.0
522	2170	2.0
523	522	16.0
524	523	16.0
525	30	1.0
525	32	4.0
525	2020	1.0
526	527	5.0
527	528	5.0
528	529	2.0
528	656	3.0
529	530	2.0
530	458	2.0
531	458	6.0
532	531	6.0
533	532	5.0
533	1232	1.0
534	84	3.0
534	481	1.0
534	535	6.0
534	880	1.0
535	84	7.0
535	536	2.0
535	880	5.0
536	537	1.0
536	538	1.0
536	880	2.0
537	535	2.0
538	535	6.0
538	537	2.0
538	896	2.0
538	899	10.0
538	900	1.0
538	925	15.0
539	538	11.0
539	1104	3.0
540	493	8.0
541	300	1.0
542	299	8.0
543	542	8.0
544	67	3.0
545	546	7.0
546	534	9.0
547	548	8.0
548	549	8.0
548	550	2.0
549	1261	2.0
550	549	10.0
550	552	2.0
550	553	2.0
550	1118	11.0
551	550	15.0
551	1584	1.0
552	551	9.0
553	551	5.0
553	552	11.0
554	553	18.0
554	1506	6.0
554	1517	9.0
554	1518	2.0
555	554	26.0
556	555	27.0
556	559	7.0
556	1805	3.0
557	556	16.0
558	556	13.0
558	560	1.0
558	1564	1.0
559	558	12.0
559	2090	1.0
560	559	18.0
560	1807	1.0
561	560	18.0
561	1327	1.0
562	561	17.0
562	564	1.0
562	1027	1.0
562	1352	2.0
562	1398	2.0
563	562	17.0
563	1030	1.0
564	563	18.0
564	1031	1.0
564	1089	2.0
564	2163	1.0
565	564	21.0
565	567	2.0
565	1034	4.0
566	565	19.0
567	566	19.0
567	1134	11.0
568	567	17.0
568	1133	4.0
568	1397	2.0
569	570	6.0
570	571	6.0
571	572	6.0
572	573	6.0
573	574	6.0
574	244	6.0
575	244	2.0
576	575	1.0
577	576	1.0
578	577	1.0
579	578	1.0
580	579	1.0
580	581	1.0
581	14	1.0
582	126	9.0
582	402	1.0
583	126	1.0
583	582	9.0
584	583	9.0
584	807	2.0
585	284	1.0
585	584	8.0
585	586	4.0
586	284	2.0
586	680	2.0
587	588	12.0
588	283	1.0
588	681	6.0
589	588	6.0
590	589	10.0
590	628	9.0
590	846	1.0
591	590	4.0
591	593	1.0
592	404	3.0
592	405	1.0
592	591	3.0
593	592	6.0
593	595	1.0
594	405	1.0
594	593	6.0
595	405	1.0
595	594	6.0
596	595	7.0
597	596	7.0
598	597	7.0
599	598	7.0
600	599	6.0
601	600	6.0
602	601	6.0
603	602	6.0
604	250	4.0
605	606	2.0
605	863	1.0
606	131	2.0
606	864	1.0
607	608	1.0
608	580	1.0
609	53	3.0
610	609	3.0
611	610	3.0
612	611	3.0
613	612	3.0
613	832	6.0
614	353	5.0
615	614	5.0
616	617	1.0
617	575	1.0
618	156	2.0
619	618	2.0
620	247	1.0
621	38	4.0
621	1665	1.0
622	621	5.0
623	622	5.0
623	683	1.0
624	91	2.0
625	20	8.0
626	625	7.0
627	440	7.0
627	697	15.0
627	703	1.0
627	833	4.0
628	627	9.0
629	590	7.0
630	100	4.0
630	1081	1.0
631	630	4.0
631	2267	3.0
2267	632	3.0
2267	1491	1.0
632	633	3.0
633	634	2.0
633	635	1.0
634	635	2.0
635	636	3.0
636	637	4.0
637	638	4.0
638	639	4.0
639	2166	1.0
640	639	4.0
641	102	1.0
641	422	1.0
641	640	4.0
642	621	3.0
643	54	4.0
644	645	2.0
645	646	2.0
646	647	2.0
647	26	2.0
648	649	1.0
649	650	1.0
650	651	1.0
651	1715	1.0
652	651	1.0
652	653	1.0
653	654	1.0
654	655	1.0
656	657	3.0
657	658	3.0
658	459	1.0
658	659	2.0
659	460	7.0
660	212	3.0
661	142	4.0
662	247	2.0
663	662	2.0
664	663	2.0
665	664	2.0
666	665	2.0
667	666	2.0
668	667	2.0
669	668	2.0
669	670	1.0
670	671	1.0
671	672	1.0
672	673	1.0
673	674	1.0
674	298	1.0
675	676	1.0
676	677	1.0
677	678	1.0
678	679	1.0
679	238	1.0
680	283	2.0
680	585	3.0
681	440	6.0
682	24	1.0
682	25	2.0
683	62	1.0
683	264	2.0
684	62	6.0
685	46	6.0
686	685	6.0
687	686	6.0
688	687	6.0
688	934	1.0
688	1065	1.0
689	688	5.0
689	934	1.0
690	689	5.0
691	179	3.0
691	690	5.0
692	184	4.0
693	692	4.0
693	1483	3.0
694	693	7.0
695	694	7.0
696	695	7.0
697	409	15.0
698	217	1.0
699	150	4.0
700	133	1.0
700	150	3.0
700	223	1.0
701	700	3.0
702	284	3.0
702	810	1.0
703	702	2.0
703	704	1.0
703	833	4.0
704	626	1.0
705	124	10.0
706	443	7.0
706	707	9.0
707	708	9.0
708	613	8.0
708	709	2.0
708	710	1.0
709	710	2.0
710	711	3.0
711	54	2.0
711	712	1.0
712	713	1.0
713	54	1.0
714	715	2.0
715	33	2.0
716	717	1.0
716	718	1.0
717	718	1.0
718	719	2.0
719	720	2.0
719	1815	1.0
720	642	2.0
721	263	2.0
721	264	6.0
722	269	1.0
722	937	1.0
722	1062	1.0
722	1470	1.0
723	722	2.0
723	1079	1.0
724	723	3.0
724	725	2.0
725	726	2.0
726	724	1.0
727	728	3.0
728	706	3.0
729	99	1.0
729	785	3.0
730	533	3.0
731	730	3.0
731	732	2.0
731	733	1.0
732	733	2.0
734	733	2.0
735	119	9.0
735	1247	1.0
736	735	12.0
736	984	3.0
737	736	14.0
738	737	14.0
739	737	1.0
739	738	13.0
739	741	3.0
740	739	11.0
741	740	11.0
741	743	3.0
741	744	2.0
741	1254	1.0
742	741	9.0
742	744	1.0
743	742	8.0
743	745	2.0
744	743	11.0
745	744	12.0
745	1045	2.0
745	2135	1.0
746	745	12.0
746	748	4.0
746	1045	8.0
747	746	7.0
747	986	1.0
748	747	6.0
748	749	7.0
748	1294	7.0
748	1295	1.0
750	749	8.0
750	1320	1.0
750	1366	1.0
751	750	7.0
752	751	9.0
753	752	5.0
754	753	5.0
755	754	8.0
756	755	8.0
757	756	9.0
757	1215	1.0
758	757	9.0
759	758	9.0
759	962	3.0
760	590	4.0
761	629	6.0
762	1090	1.0
763	415	4.0
764	763	2.0
764	788	2.0
764	850	1.0
765	764	2.0
766	765	2.0
767	766	2.0
767	1812	1.0
768	769	2.0
769	770	1.0
769	771	1.0
770	771	1.0
771	772	2.0
772	35	1.0
772	773	1.0
773	35	1.0
774	335	1.0
774	776	2.0
775	774	4.0
776	775	4.0
777	774	4.0
778	43	3.0
778	1060	1.0
779	778	3.0
779	1059	1.0
780	779	3.0
780	1050	1.0
781	780	4.0
782	781	4.0
782	784	1.0
783	782	3.0
784	783	3.0
785	784	4.0
785	1081	1.0
786	413	1.0
787	786	2.0
787	788	2.0
788	763	1.0
789	805	1.0
790	198	6.0
790	792	1.0
790	1612	1.0
791	790	5.0
792	202	1.0
792	791	2.0
792	793	1.0
792	1662	1.0
793	202	1.0
793	790	1.0
794	200	5.0
795	311	1.0
795	794	6.0
796	312	10.0
796	314	2.0
796	798	1.0
797	165	5.0
798	799	2.0
799	800	2.0
800	801	1.0
800	1627	1.0
802	803	1.0
803	121	1.0
804	805	1.0
806	286	1.0
807	808	2.0
808	809	2.0
808	861	1.0
809	284	2.0
810	589	4.0
811	703	1.0
811	810	3.0
811	837	1.0
812	811	2.0
813	130	2.0
813	286	2.0
814	815	1.0
814	816	1.0
815	816	1.0
816	124	2.0
816	817	1.0
817	818	2.0
818	819	2.0
819	820	2.0
820	821	2.0
821	822	2.0
822	592	2.0
823	824	1.0
825	10	2.0
826	582	1.0
827	124	2.0
828	584	1.0
829	124	1.0
830	831	2.0
831	626	2.0
832	414	6.0
833	440	1.0
834	835	1.0
835	21	1.0
836	837	1.0
837	838	1.0
837	862	1.0
838	811	1.0
839	840	1.0
840	841	1.0
841	83	1.0
842	7	1.0
843	845	1.0
844	443	1.0
844	843	4.0
844	845	2.0
844	870	1.0
845	443	3.0
846	847	1.0
847	627	1.0
848	849	1.0
849	503	1.0
850	763	1.0
851	354	1.0
852	55	2.0
853	852	2.0
854	856	1.0
855	854	1.0
855	856	1.0
856	135	2.0
857	135	2.0
857	858	2.0
858	859	2.0
859	860	2.0
860	683	2.0
861	286	1.0
862	625	1.0
863	606	1.0
864	865	1.0
865	866	1.0
866	855	1.0
867	868	1.0
868	869	1.0
869	54	1.0
870	443	1.0
871	33	2.0
872	234	1.0
872	894	1.0
873	149	1.0
874	875	1.0
875	876	1.0
876	877	1.0
877	857	2.0
878	879	1.0
880	538	2.0
881	880	10.0
881	898	2.0
881	939	5.0
882	111	21.0
882	112	8.0
882	113	2.0
883	113	6.0
884	113	9.0
885	114	5.0
886	885	5.0
887	886	5.0
888	748	10.0
889	888	10.0
889	1189	1.0
889	1292	2.0
889	1314	1.0
890	889	8.0
891	890	8.0
892	891	8.0
893	892	8.0
894	895	1.0
895	234	1.0
896	539	1.0
896	880	2.0
897	82	10.0
897	538	1.0
897	899	10.0
898	880	2.0
898	897	2.0
899	880	2.0
900	896	2.0
901	900	2.0
902	901	2.0
902	1103	1.0
903	328	8.0
903	902	20.0
904	903	12.0
906	905	2.0
907	906	2.0
908	907	2.0
908	1717	1.0
909	908	2.0
909	1647	4.0
910	909	6.0
910	911	4.0
910	1610	8.0
911	912	4.0
912	913	4.0
913	914	2.0
913	1611	2.0
914	915	2.0
915	1648	2.0
916	915	3.0
917	370	20.0
918	917	20.0
918	1704	4.0
919	918	16.0
920	919	16.0
921	920	16.0
922	921	18.0
923	922	18.0
924	538	2.0
924	902	17.0
925	924	15.0
926	927	5.0
927	928	5.0
928	1498	6.0
929	928	2.0
930	929	2.0
931	930	2.0
932	931	5.0
933	932	5.0
934	935	2.0
935	936	2.0
936	723	1.0
936	1079	1.0
937	723	1.0
938	108	4.0
939	110	4.0
939	965	6.0
940	117	4.0
940	941	7.0
941	445	1.0
941	447	6.0
942	446	3.0
942	447	8.0
942	944	1.0
943	942	4.0
944	943	4.0
944	945	5.0
944	966	1.0
944	1803	2.0
945	946	3.0
945	1002	2.0
945	1003	1.0
946	967	2.0
947	946	6.0
947	1298	1.0
948	947	6.0
949	948	8.0
950	949	8.0
950	951	5.0
950	994	1.0
951	952	3.0
951	968	2.0
951	970	2.0
951	994	9.0
952	970	11.0
952	1088	3.0
953	952	10.0
954	953	10.0
955	954	12.0
955	957	4.0
956	955	9.0
957	956	9.0
957	1128	1.0
958	957	9.0
959	957	1.0
959	958	9.0
960	959	9.0
960	1293	1.0
961	960	9.0
961	1121	2.0
961	1122	1.0
962	961	8.0
962	1095	6.0
963	434	2.0
964	471	1.0
964	472	5.0
965	964	6.0
966	945	1.0
967	945	2.0
968	950	2.0
968	1030	1.0
969	951	9.0
970	969	9.0
971	957	10.0
971	973	3.0
972	971	7.0
973	972	7.0
973	975	2.0
974	973	4.0
974	976	1.0
974	1005	1.0
975	974	3.0
976	975	5.0
977	976	6.0
977	979	2.0
978	977	4.0
979	978	5.0
979	1001	2.0
980	942	3.0
981	980	3.0
982	981	3.0
983	982	3.0
984	983	3.0
984	1248	1.0
986	746	2.0
987	986	3.0
988	987	3.0
988	1082	2.0
989	751	1.0
989	988	1.0
989	1004	6.0
989	1082	1.0
989	1316	2.0
990	989	9.0
991	989	1.0
991	990	9.0
992	991	9.0
992	994	5.0
993	991	1.0
993	992	8.0
993	1335	1.0
994	993	10.0
995	957	3.0
996	995	3.0
997	996	3.0
998	997	3.0
999	998	3.0
1000	999	3.0
1001	1000	3.0
1001	1010	1.0
1002	741	3.0
1003	1002	1.0
1004	751	6.0
1005	973	4.0
1005	1129	1.0
1006	974	1.0
1006	1005	2.0
1007	1006	2.0
1007	1008	1.0
1008	1009	1.0
1010	979	3.0
1010	1019	1.0
1011	1010	3.0
1012	1011	3.0
1012	1013	1.0
1012	1042	2.0
1013	1014	1.0
1013	1042	1.0
1014	1015	1.0
1014	1020	1.0
1015	1016	1.0
1016	1042	12.0
1016	1809	1.0
1017	1016	12.0
1017	1018	3.0
1019	1014	1.0
1020	1021	1.0
1021	1024	1.0
1022	1021	1.0
1023	1022	1.0
1023	1044	1.0
1024	1023	1.0
1024	1025	1.0
1025	1026	1.0
1028	1027	3.0
1029	563	1.0
1029	1028	3.0
1029	1353	1.0
1030	1029	2.0
1031	968	1.0
1032	565	3.0
1032	1033	1.0
1033	954	4.0
1034	568	1.0
1034	1033	4.0
1035	568	14.0
1036	1035	14.0
1036	2157	1.0
1037	1036	13.0
1038	1037	13.0
1039	1038	13.0
1040	1039	13.0
1040	2142	1.0
1041	1040	12.0
1042	1041	12.0
1043	1013	1.0
1044	1043	1.0
1045	1046	2.0
1045	1187	1.0
1045	1188	8.0
1046	947	1.0
1046	948	2.0
1046	1185	1.0
1048	1047	1.0
1049	1048	1.0
1050	1049	1.0
1051	631	1.0
1052	1051	2.0
1053	1052	2.0
1053	1054	2.0
1054	636	1.0
1054	1055	1.0
1055	1056	1.0
1056	1053	1.0
1057	517	3.0
1057	1471	1.0
1058	66	8.0
1059	778	1.0
1060	1061	1.0
1062	268	1.0
1063	1051	1.0
1064	641	2.0
1065	1066	1.0
1066	1067	1.0
1067	1068	1.0
1068	1069	1.0
1069	1070	1.0
1070	1071	1.0
1071	1072	1.0
1072	1073	1.0
1073	1074	1.0
1074	686	1.0
1075	62	4.0
1076	1075	4.0
1077	1076	4.0
1078	1077	4.0
1078	2120	1.0
1079	1080	2.0
1080	64	2.0
1081	729	1.0
1082	1083	3.0
1083	1084	3.0
1084	1085	4.0
1085	1119	1.0
1085	1164	3.0
1085	1315	1.0
1085	1382	1.0
1086	1085	3.0
1087	1086	3.0
1087	1088	1.0
1088	1163	3.0
1089	563	2.0
1090	1091	1.0
1091	1092	1.0
1092	426	1.0
1093	468	2.0
1094	457	4.0
1095	759	6.0
1096	1693	1.0
1097	1096	1.0
1098	1097	1.0
1098	1524	3.0
1099	1098	7.0
1100	1099	7.0
1101	1100	7.0
1102	1101	7.0
1103	496	1.0
1104	497	1.0
1105	1104	4.0
1106	1105	4.0
1106	1533	2.0
1107	1106	2.0
1108	1107	4.0
1108	1461	1.0
1109	1108	3.0
1109	1461	2.0
1110	1109	5.0
1111	1110	6.0
1112	1111	6.0
1112	1583	11.0
1113	1112	17.0
1114	1113	17.0
1115	1114	11.0
1116	1114	3.0
1116	1115	11.0
1117	1116	11.0
1118	1117	11.0
1119	1120	1.0
1119	1199	1.0
1119	1200	1.0
1120	1218	1.0
1121	1120	2.0
1122	1123	1.0
1123	1124	1.0
1124	1125	1.0
1125	1174	1.0
1126	959	1.0
1126	1125	2.0
1127	1126	1.0
1128	1127	1.0
1129	1006	1.0
1130	1129	2.0
1131	1130	2.0
1131	1344	1.0
1132	104	2.0
1133	567	4.0
1134	1135	2.0
1134	1136	7.0
1134	1369	1.0
1134	1816	1.0
1135	1136	2.0
1136	1137	2.0
1136	1385	2.0
1136	1386	5.0
1137	1138	2.0
1138	1139	2.0
1138	1393	1.0
1139	1140	2.0
1141	882	11.0
1141	1143	3.0
1142	1141	5.0
1142	1222	2.0
1143	1142	6.0
1143	1144	7.0
1143	1152	1.0
1143	1153	2.0
1144	1184	2.0
1145	452	1.0
1146	1145	1.0
1147	1146	1.0
1148	1147	1.0
1149	1148	1.0
1150	455	2.0
1151	1150	2.0
1152	1151	2.0
1152	1239	1.0
1153	1152	2.0
1154	1155	2.0
1155	1156	2.0
1156	1157	2.0
1157	114	1.0
1157	1158	1.0
1158	1159	1.0
1159	1160	1.0
1160	1161	1.0
1161	1162	1.0
1163	1087	3.0
1164	1165	3.0
1165	1166	2.0
1165	1309	1.0
1166	754	2.0
1167	754	4.0
1168	1167	4.0
1168	1210	2.0
1169	1168	3.0
1169	1170	1.0
1169	1196	2.0
1170	1171	1.0
1171	1172	1.0
1173	1131	1.0
1174	1173	1.0
1175	1007	1.0
1176	1175	1.0
1177	1176	1.0
1178	1177	1.0
1178	1348	1.0
1179	1178	2.0
1179	1180	3.0
1179	1246	1.0
1180	1181	3.0
1181	1182	3.0
1182	1179	1.0
1182	1183	2.0
1183	1179	2.0
1184	1143	2.0
1185	947	8.0
1185	1186	6.0
1185	1298	1.0
1185	2131	1.0
1186	1046	1.0
1186	1187	4.0
1186	1298	2.0
1187	1046	4.0
1188	1187	8.0
1189	1190	1.0
1190	1191	1.0
1190	1314	1.0
1192	752	4.0
1193	1192	2.0
1194	1193	2.0
1195	1194	1.0
1196	1195	1.0
1196	1307	1.0
1197	756	2.0
1198	1197	2.0
1199	1198	1.0
1200	1201	1.0
1201	1208	1.0
1202	1201	1.0
1203	1202	1.0
1204	1203	1.0
1205	1204	1.0
1206	957	1.0
1206	1205	1.0
1206	1207	2.0
1207	955	2.0
1208	1119	1.0
1209	1192	2.0
1210	1209	2.0
1211	759	1.0
1212	1211	1.0
1213	1212	1.0
1214	1213	1.0
1215	1214	1.0
1216	757	1.0
1217	1216	1.0
1218	1217	1.0
1219	1220	1.0
1220	1221	1.0
1222	1141	3.0
1222	1143	1.0
1222	1223	1.0
1223	1224	1.0
1225	532	1.0
1226	1225	1.0
1227	1226	1.0
1228	1227	1.0
1229	1228	1.0
1229	1230	1.0
1230	1231	1.0
1231	1229	1.0
1232	1231	1.0
1233	1234	2.0
1234	434	1.0
1235	1236	1.0
1236	1237	1.0
1237	1238	2.0
1238	447	2.0
1239	1240	1.0
1241	1242	1.0
1242	1243	1.0
1243	438	1.0
1244	1245	1.0
1245	1162	1.0
1246	978	1.0
1247	1237	1.0
1248	1249	1.0
1249	1250	1.0
1250	1251	1.0
1251	1252	1.0
1252	1253	1.0
1253	737	1.0
1254	1255	1.0
1255	1256	1.0
1256	742	1.0
1258	1257	3.0
1259	1258	3.0
1260	1259	3.0
1261	1260	3.0
1261	1262	1.0
1262	1263	1.0
1263	1264	1.0
1265	1148	1.0
1267	1266	1.0
1268	1267	1.0
1269	1268	1.0
1270	1269	1.0
1271	1270	1.0
1272	1271	1.0
1273	1272	1.0
1274	1273	1.0
1275	1274	1.0
1276	1275	1.0
1277	1276	1.0
1278	1277	1.0
1279	1278	1.0
1280	1279	1.0
1281	1280	1.0
1282	1281	1.0
1283	1282	1.0
1284	1283	1.0
1285	1284	1.0
1286	1285	1.0
1287	1286	1.0
1288	1287	1.0
1288	1299	1.0
1289	1288	2.0
1290	1289	2.0
1291	1290	2.0
1292	1291	2.0
1293	957	1.0
1294	746	7.0
1295	1296	1.0
1296	1297	1.0
1298	1046	3.0
1300	893	4.0
1300	1301	4.0
1301	1302	4.0
1302	1303	4.0
1303	1304	4.0
1304	1305	4.0
1305	1306	4.0
1306	1300	4.0
1307	1308	1.0
1309	1198	1.0
1310	748	1.0
1310	749	1.0
1311	1310	2.0
1312	1190	1.0
1312	1311	2.0
1313	1312	2.0
1314	1313	2.0
1315	1349	1.0
1315	1351	1.0
1316	1315	1.0
1317	560	2.0
1318	1317	2.0
1318	1319	1.0
1318	2145	2.0
1319	947	2.0
1319	2078	1.0
1320	1321	1.0
1321	1322	1.0
1322	1323	1.0
1323	1193	1.0
1325	1324	6.0
1325	1327	2.0
1326	1325	5.0
1327	562	3.0
1327	1326	5.0
1328	1327	3.0
1329	1328	3.0
1330	1329	3.0
1330	1331	1.0
1330	1332	1.0
1331	1332	1.0
1332	1333	1.0
1332	1362	1.0
1333	1334	1.0
1335	1336	1.0
1336	1337	1.0
1338	957	1.0
1339	1338	1.0
1340	1339	1.0
1341	1340	1.0
1342	1341	1.0
1343	1342	1.0
1344	1343	1.0
1345	1131	1.0
1346	1345	1.0
1347	1346	1.0
1348	1347	1.0
1349	1350	1.0
1350	1315	1.0
1351	1316	1.0
1352	1327	2.0
1353	1354	1.0
1354	1355	1.0
1356	1330	3.0
1357	1356	3.0
1357	1358	1.0
1357	2151	1.0
1358	1359	1.0
1358	2152	1.0
1359	1360	2.0
1359	2150	1.0
1360	1361	1.0
1360	2150	1.0
1361	1357	2.0
1362	1363	1.0
1362	1365	1.0
1363	1364	1.0
1364	1365	1.0
1365	1357	2.0
1366	1367	1.0
1367	1368	1.0
1369	1370	1.0
1370	1371	1.0
1371	1372	1.0
1372	1373	1.0
1373	1374	1.0
1375	1206	1.0
1376	1375	1.0
1377	1376	1.0
1378	1377	1.0
1379	1378	1.0
1380	1379	1.0
1381	1380	1.0
1382	1381	1.0
1382	1383	1.0
1383	1384	1.0
1384	1084	1.0
1385	1386	1.0
1385	1392	1.0
1386	1387	1.0
1386	1856	5.0
1387	1388	1.0
1388	1389	1.0
1389	1390	1.0
1390	1391	1.0
1392	1138	1.0
1393	1394	1.0
1394	1395	1.0
1396	565	2.0
1397	1032	2.0
1398	1399	2.0
1399	1400	2.0
1400	1401	2.0
1401	1402	2.0
1402	1403	1.0
1402	1823	1.0
1403	1404	1.0
1404	1405	1.0
1405	562	1.0
1406	176	5.0
1407	181	8.0
1408	382	8.0
1408	1410	1.0
1409	1408	8.0
1410	397	2.0
1410	1409	11.0
1411	1410	9.0
1412	392	1.0
1412	1411	5.0
1413	1412	5.0
1414	392	4.0
1415	392	9.0
1415	393	5.0
1415	1414	14.0
1416	397	2.0
1416	399	4.0
1416	400	3.0
1416	1726	5.0
1416	1727	1.0
1416	1792	2.0
1417	386	1.0
1418	1417	1.0
1419	1418	1.0
1420	1419	1.0
1421	1414	5.0
1422	1421	5.0
1423	1422	5.0
1424	1423	5.0
1424	1930	1.0
1425	1424	4.0
1426	1425	4.0
1427	1426	4.0
1427	1652	2.0
1427	1653	1.0
1427	1931	1.0
1428	1427	3.0
1429	1428	3.0
1430	1416	4.0
1431	1414	2.0
1431	1430	3.0
1432	1791	1.0
1433	1432	1.0
1434	1433	1.0
1435	1434	1.0
1435	1790	5.0
1436	1435	1.0
1437	1436	1.0
1438	1437	1.0
1439	1440	2.0
1439	1442	3.0
1440	1441	2.0
1441	1442	2.0
1441	2094	1.0
1443	1442	5.0
1444	1443	5.0
1444	2109	1.0
1445	1444	4.0
1445	2109	1.0
1446	344	7.0
1447	1446	7.0
1448	1447	7.0
1449	1448	7.0
1450	1451	4.0
1451	1452	4.0
1452	1453	4.0
1453	1454	4.0
1454	1455	4.0
1455	1456	4.0
1456	1457	2.0
1456	1538	2.0
1457	1458	2.0
1458	1459	2.0
1459	1460	1.0
1459	1543	1.0
1460	1107	1.0
1460	1543	1.0
1461	1110	1.0
1462	515	1.0
1462	1463	1.0
1464	70	4.0
1465	1464	4.0
1466	1465	4.0
1467	1468	3.0
1468	1469	4.0
1469	80	4.0
1470	723	1.0
1471	1472	1.0
1472	1473	1.0
1473	1474	1.0
1474	1475	1.0
1475	65	1.0
1476	339	5.0
1477	1476	5.0
1478	1477	5.0
1478	1480	2.0
1479	1478	3.0
1480	1479	3.0
1481	1480	5.0
1481	1487	3.0
1481	1626	2.0
1482	484	3.0
1482	485	1.0
1483	1484	2.0
1483	2113	1.0
1484	183	2.0
1485	1486	1.0
1487	1488	3.0
1488	1489	3.0
1489	1753	1.0
1490	2267	1.0
1491	1492	1.0
1492	1493	1.0
1493	1101	1.0
1494	1098	10.0
1495	1494	10.0
1496	188	2.0
1497	189	13.0
1497	1496	2.0
1497	1675	2.0
1498	1499	6.0
1499	1500	3.0
1499	1502	3.0
1500	1766	1.0
1501	1500	3.0
1501	1770	1.0
1502	1501	3.0
1502	1546	1.0
1503	1502	6.0
1504	1503	6.0
1504	1769	1.0
1505	1504	6.0
1506	1505	6.0
1507	557	8.0
1507	1580	1.0
1508	1507	8.0
1509	1508	8.0
1510	1509	5.0
1510	1511	3.0
1511	1513	1.0
1511	1563	2.0
1512	1511	4.0
1513	1512	4.0
1514	1513	5.0
1515	1514	5.0
1517	1516	9.0
1517	1806	1.0
1518	555	2.0
1520	1519	4.0
1521	1520	4.0
1522	1521	4.0
1523	330	1.0
1523	1522	4.0
1524	1525	3.0
1525	1526	3.0
1526	1527	3.0
1527	1528	3.0
1528	1529	3.0
1529	1530	3.0
1530	338	3.0
1531	1532	1.0
1532	482	1.0
1533	1534	2.0
1535	1536	2.0
1536	1537	2.0
1537	73	2.0
1538	1539	2.0
1539	1540	2.0
1540	1541	2.0
1541	1107	1.0
1541	1542	1.0
1542	1460	1.0
1543	1544	2.0
1544	1545	2.0
1545	1461	2.0
1546	1547	1.0
1547	1548	1.0
1548	1549	1.0
1549	1550	1.0
1550	1551	1.0
1552	1510	2.0
1553	1552	2.0
1553	1554	1.0
1554	1555	1.0
1555	1556	1.0
1556	1557	1.0
1558	1509	3.0
1558	1559	1.0
1558	1563	2.0
1559	1560	1.0
1560	1561	1.0
1561	1562	1.0
1562	1563	1.0
1564	1565	1.0
1565	1566	1.0
1566	1567	1.0
1567	1568	1.0
1568	1569	1.0
1569	1319	1.0
1570	555	1.0
1571	1570	1.0
1572	1571	1.0
1573	1572	1.0
1574	1573	1.0
1575	1574	1.0
1576	1575	1.0
1576	1577	1.0
1577	1578	1.0
1578	1579	1.0
1579	1507	1.0
1580	1576	1.0
1581	1449	11.0
1582	1581	11.0
1583	1582	11.0
1584	1585	1.0
1585	1586	1.0
1586	1587	1.0
1587	1588	1.0
1588	1589	1.0
1589	1516	1.0
1590	146	7.0
1590	161	4.0
1590	301	3.0
1590	1615	2.0
1591	208	2.0
1592	316	3.0
1593	316	3.0
1594	794	2.0
1595	161	4.0
1596	303	7.0
1596	1722	1.0
1597	1596	6.0
1597	1598	2.0
1597	1673	1.0
1598	1599	2.0
1599	1600	2.0
1600	1601	2.0
1601	1602	2.0
1602	1675	6.0
1602	1725	3.0
1603	1602	5.0
1604	1603	5.0
1605	1604	6.0
1606	1605	6.0
1607	261	1.0
1607	1606	6.0
1608	262	7.0
1609	1608	8.0
1610	1609	8.0
1611	916	2.0
1612	202	2.0
1612	303	1.0
1613	1612	2.0
1614	1613	2.0
1615	1614	2.0
1616	207	2.0
1617	1616	1.0
1617	1666	1.0
1618	1616	1.0
1618	1617	2.0
1619	1618	3.0
1619	1667	1.0
1620	1619	4.0
1621	1620	3.0
1622	1623	1.0
1623	1624	2.0
1624	1625	2.0
1625	1626	2.0
1626	1478	1.0
1627	1640	1.0
1629	1628	5.0
1630	1629	5.0
1631	1630	5.0
1632	1631	5.0
1632	1639	1.0
1633	1632	4.0
1634	1633	4.0
1635	166	1.0
1636	1635	1.0
1637	1636	1.0
1638	1637	1.0
1639	1638	1.0
1640	1641	1.0
1641	1642	1.0
1642	313	1.0
1643	208	1.0
1644	1645	2.0
1645	1646	2.0
1646	170	2.0
1647	915	1.0
1647	1648	3.0
1648	1649	5.0
1649	1650	5.0
1650	1651	5.0
1650	1780	4.0
1650	1781	4.0
1651	1945	9.0
1652	1651	4.0
1652	1882	2.0
1653	1654	1.0
1654	1655	1.0
1655	1656	1.0
1656	1422	2.0
1657	1424	1.0
1658	1657	1.0
1659	1658	1.0
1660	1659	1.0
1661	1660	1.0
1662	790	1.0
1662	793	1.0
1663	1664	1.0
1664	795	1.0
1665	622	1.0
1666	207	1.0
1666	1620	1.0
1667	1668	1.0
1669	317	1.0
1671	303	2.0
1672	1597	3.0
1672	1675	1.0
1672	1711	1.0
1673	1672	5.0
1674	1673	4.0
1675	1674	4.0
1676	1677	9.0
1677	1678	9.0
1678	1953	15.0
1679	1678	7.0
1680	1679	2.0
1681	1680	2.0
1682	1621	1.0
1682	1679	5.0
1682	1681	2.0
1683	192	2.0
1684	1683	3.0
1684	1743	1.0
1685	194	1.0
1685	1686	2.0
1686	1687	2.0
1687	1688	2.0
1688	1689	2.0
1689	1690	2.0
1691	1098	1.0
1692	1691	1.0
1693	1692	1.0
1694	396	1.0
1695	1694	2.0
1696	1695	2.0
1697	1696	2.0
1698	1697	2.0
1699	1698	2.0
1700	1699	2.0
1701	1700	2.0
1702	382	2.0
1702	1701	2.0
1702	1703	2.0
1704	1705	4.0
1705	1706	4.0
1706	1707	2.0
1706	1754	2.0
1707	1708	2.0
1708	1709	4.0
1709	1622	1.0
1709	1623	1.0
1709	1710	2.0
1710	921	2.0
1711	1712	1.0
1712	1713	1.0
1713	1714	1.0
1714	652	1.0
1715	1716	1.0
1717	1718	1.0
1718	1719	1.0
1719	1720	1.0
1720	1721	1.0
1722	1723	1.0
1723	1724	1.0
1724	1725	1.0
1725	1604	1.0
1725	1728	3.0
1726	1727	5.0
1727	1883	2.0
1727	1895	3.0
1728	1729	3.0
1729	1730	3.0
1730	1731	2.0
1730	1739	1.0
1731	1732	2.0
1732	1733	2.0
1733	359	2.0
1734	1735	2.0
1735	1736	2.0
1736	1737	2.0
1737	1738	1.0
1737	1740	1.0
1740	1741	1.0
1741	1742	1.0
1743	1744	2.0
1744	1684	1.0
1744	1745	1.0
1745	1743	1.0
1746	1745	1.0
1747	1746	1.0
1750	1749	1.0
1749	1462	1.0
1751	1752	1.0
1753	1626	1.0
1754	1708	2.0
1755	1756	1.0
1756	1757	1.0
1758	1759	1.0
1759	1760	1.0
1760	491	1.0
1761	1762	1.0
1762	1763	1.0
1763	1764	1.0
1764	1765	1.0
1765	482	1.0
1766	1767	1.0
1767	1768	1.0
1769	1502	1.0
1770	1771	1.0
1772	915	4.0
1773	1772	4.0
1774	1773	4.0
1775	1774	4.0
1776	1775	4.0
1777	1776	4.0
1778	1777	4.0
1779	1778	4.0
1780	1779	4.0
1781	1782	4.0
1782	1783	4.0
1783	1784	4.0
1784	1650	1.0
1785	1784	4.0
1786	1785	4.0
1787	1786	4.0
1787	1788	3.0
1788	1789	3.0
1789	1790	4.0
1790	1651	7.0
1791	1435	5.0
1792	1793	2.0
1793	1794	2.0
1794	1795	2.0
1795	1796	2.0
1796	1797	2.0
1797	1798	2.0
1798	1799	2.0
1799	1800	2.0
1800	1801	2.0
1802	738	1.0
1802	739	1.0
1803	1802	2.0
1804	944	4.0
1805	1804	4.0
1806	1805	1.0
1807	1808	1.0
1808	947	1.0
1809	1810	1.0
1810	1811	1.0
1812	765	1.0
1813	1814	1.0
1814	719	1.0
1815	877	1.0
1816	1817	1.0
1817	1818	1.0
1818	1819	1.0
1819	1820	1.0
1820	1821	1.0
1822	1362	1.0
1823	564	1.0
1824	1727	3.0
1825	1824	3.0
1826	1825	3.0
1827	1826	3.0
1828	1827	3.0
1828	1829	1.0
1829	1830	1.0
1830	1831	1.0
1831	1832	1.0
1832	1833	1.0
1833	1834	1.0
1834	1835	1.0
1835	1836	1.0
1836	1837	1.0
1837	1838	1.0
1838	1839	1.0
1839	1840	1.0
1840	1841	1.0
1841	1842	1.0
1842	1843	1.0
1844	1828	3.0
1844	1904	1.0
1845	1844	2.0
1846	1845	2.0
1847	1846	2.0
1848	1847	2.0
1848	1849	2.0
1849	1850	3.0
1850	1851	3.0
1851	1852	3.0
1852	1853	2.0
1852	1884	1.0
1853	1854	2.0
1854	1855	2.0
1856	1017	5.0
1856	2143	1.0
1857	1017	14.0
1857	1858	12.0
1857	2179	2.0
1858	1859	9.0
1858	2200	1.0
1858	2256	2.0
1859	1857	1.0
1860	1859	10.0
1860	1861	3.0
1860	2199	5.0
1860	2212	2.0
1861	1862	3.0
1862	1863	2.0
1862	2201	1.0
1863	1864	2.0
1864	1865	2.0
1865	1866	2.0
1866	1867	2.0
1867	1868	2.0
1868	1869	2.0
1869	1870	2.0
1870	1871	2.0
1871	1872	2.0
1872	1873	2.0
1873	1874	2.0
1874	1875	1.0
1874	2173	1.0
1875	1876	2.0
1876	1877	2.0
1877	1878	2.0
1878	1879	2.0
1879	1880	2.0
1880	1881	2.0
1881	1849	1.0
1881	2174	1.0
1882	1883	2.0
1882	1932	1.0
1883	2175	1.0
1884	1885	1.0
1885	1886	1.0
1886	1887	1.0
1887	1888	1.0
1888	1889	1.0
1889	1890	1.0
1890	1891	1.0
1891	1892	1.0
1892	1893	1.0
1893	1894	1.0
1895	1896	3.0
1896	1897	3.0
1897	1898	3.0
1898	1899	2.0
1898	1909	1.0
1899	1900	2.0
1900	1901	1.0
1900	1942	1.0
1901	1902	1.0
1902	1903	1.0
1903	1828	1.0
1904	1905	1.0
1905	1906	1.0
1906	1907	1.0
1907	1908	1.0
1909	1910	1.0
1910	1911	1.0
1911	1912	1.0
1912	1913	1.0
1913	1914	1.0
1914	1915	1.0
1915	1916	1.0
1916	1917	1.0
1917	1918	1.0
1918	1919	1.0
1919	1920	1.0
1920	1921	1.0
1921	1922	1.0
1922	1923	1.0
1923	1924	1.0
1927	1656	1.0
1927	1925	1.0
1925	1926	1.0
1926	1928	1.0
1928	1929	1.0
1929	1422	1.0
1930	1425	1.0
1931	1882	1.0
1932	1933	1.0
1933	1934	1.0
1934	1935	1.0
1935	1936	1.0
1936	1937	1.0
1937	1938	1.0
1939	1940	1.0
1940	1941	1.0
1941	1521	1.0
1942	1943	1.0
1943	1944	1.0
1945	1946	9.0
1946	1947	8.0
1946	1981	1.0
1947	1981	2.0
1948	1947	8.0
1949	1948	8.0
1949	1980	7.0
1950	1949	2.0
1951	1950	2.0
1952	1951	2.0
1953	1954	15.0
1954	1955	15.0
1955	2066	2.0
1956	1955	15.0
1957	1956	15.0
1957	1985	13.0
1958	1957	4.0
1959	1958	4.0
1960	1959	4.0
1961	1960	4.0
1962	1961	4.0
1963	1962	4.0
1963	1965	1.0
1964	1963	4.0
1965	1964	4.0
1966	1965	5.0
1967	1966	5.0
1968	1967	5.0
1968	2072	1.0
1969	1968	4.0
1970	1969	5.0
1970	2072	2.0
1971	1970	4.0
1972	1971	4.0
1973	1972	5.0
1973	2063	2.0
1974	1973	7.0
1974	2075	2.0
1975	1974	7.0
1976	1975	7.0
1977	1976	7.0
1978	1977	7.0
1979	1978	7.0
1980	1979	7.0
1981	1982	3.0
1982	1983	3.0
1983	1984	3.0
1984	1952	3.0
1985	1986	1.0
1985	2021	12.0
1986	1987	1.0
1987	1988	1.0
1988	1989	1.0
1989	1990	1.0
1990	1991	1.0
1991	1992	1.0
1992	1993	1.0
1993	1994	1.0
1994	1995	1.0
1995	1996	1.0
1996	1997	1.0
1997	1998	1.0
1998	1999	1.0
1999	2000	1.0
2000	2001	1.0
2001	2002	1.0
2002	2003	1.0
2003	2004	1.0
2004	2005	1.0
2005	2006	1.0
2006	2007	1.0
2007	2008	1.0
2008	2009	1.0
2009	2010	1.0
2010	2011	1.0
2011	2012	1.0
2012	2013	1.0
2013	2014	1.0
2014	2015	1.0
2015	2016	1.0
2016	2017	1.0
2017	2018	1.0
2018	2019	1.0
2020	32	2.0
2021	2022	8.0
2021	2047	4.0
2022	2023	5.0
2022	2047	3.0
2023	2024	6.0
2024	2025	6.0
2025	2026	7.0
2026	2027	7.0
2027	2028	7.0
2028	2029	3.0
2028	2052	4.0
2029	2030	3.0
2030	2031	3.0
2031	2032	3.0
2032	2033	3.0
2033	2034	1.0
2034	2035	1.0
2035	2036	1.0
2036	2037	1.0
2037	2038	1.0
2038	2039	1.0
2039	2040	1.0
2040	2041	1.0
2041	2042	1.0
2042	2043	1.0
2043	2044	1.0
2044	2045	1.0
2045	2046	1.0
2047	2048	2.0
2047	2058	5.0
2048	2023	1.0
2048	2049	1.0
2049	2050	1.0
2050	2051	1.0
2051	2025	1.0
2052	2053	4.0
2053	2054	4.0
2054	2055	2.0
2055	2056	2.0
2057	1972	3.0
2057	2062	2.0
2058	2059	5.0
2059	2060	5.0
2060	2061	5.0
2061	1963	1.0
2061	2071	4.0
2062	2067	1.0
2063	2064	2.0
2064	2065	2.0
2065	2057	2.0
2067	2068	1.0
2068	2069	1.0
2069	2070	1.0
2072	2073	3.0
2073	1969	1.0
2073	2074	2.0
2074	1974	2.0
2075	2076	2.0
2076	2077	2.0
2078	2079	1.0
2079	2080	1.0
2080	2081	1.0
2081	2082	1.0
2082	2083	1.0
2083	2084	1.0
2084	2085	1.0
2085	2086	1.0
2086	2087	1.0
2087	2148	2.0
2088	2087	3.0
2089	2088	3.0
2090	2089	3.0
2090	2091	1.0
2090	2149	1.0
2091	2092	1.0
2093	372	1.0
2093	373	2.0
2094	1442	2.0
2094	2095	2.0
2095	2096	2.0
2096	2097	1.0
2096	2100	1.0
2097	2098	1.0
2098	2099	1.0
2100	1441	1.0
2101	2102	1.0
2102	2103	1.0
2103	2104	1.0
2104	2106	1.0
2105	2104	1.0
2106	2107	1.0
2107	2108	1.0
2108	379	1.0
2109	2110	2.0
2110	2111	2.0
2111	2112	2.0
2113	2114	1.0
2114	2115	1.0
2115	2116	1.0
2116	2117	1.0
2117	2118	1.0
2120	2121	1.0
2121	2122	1.0
2122	2123	1.0
2123	2124	1.0
2124	2125	1.0
2125	2126	1.0
2126	1058	1.0
2127	2128	1.0
2128	2129	1.0
2129	2130	1.0
2130	66	1.0
2131	2139	1.0
2132	2131	1.0
2133	2132	1.0
2134	2133	1.0
2135	2134	1.0
2135	2136	1.0
2136	2137	1.0
2137	2138	1.0
2138	745	1.0
2139	2140	1.0
2140	2141	1.0
2141	946	1.0
2142	1856	1.0
2143	2144	1.0
2145	1319	2.0
2146	560	2.0
2147	2146	2.0
2148	2147	2.0
2150	559	1.0
2150	1361	1.0
2151	1358	1.0
2152	1359	1.0
2153	2154	1.0
2154	2155	1.0
2155	2156	1.0
2157	2158	1.0
2158	2159	1.0
2159	2160	1.0
2160	2161	1.0
2161	2162	1.0
2162	1035	1.0
2163	2164	1.0
2164	2165	1.0
2166	2167	1.0
2167	2168	1.0
2168	2169	1.0
2169	425	1.0
2170	2171	1.0
2170	2172	1.0
2172	181	1.0
2173	1875	1.0
2174	1848	1.0
2175	2176	1.0
2176	2177	1.0
2177	2178	1.0
2178	1938	1.0
2179	2180	2.0
2180	2181	2.0
2181	2182	2.0
2182	2183	1.0
2182	2238	1.0
2183	2207	1.0
2184	2183	1.0
2185	2184	1.0
2186	2185	1.0
2187	2186	1.0
2188	2187	1.0
2189	2188	1.0
2190	2189	1.0
2191	2190	1.0
2192	2191	1.0
2192	2193	1.0
2192	2244	1.0
2192	2257	1.0
2193	2194	1.0
2194	2205	1.0
2195	2194	1.0
2196	2195	1.0
2196	2218	5.0
2197	2196	6.0
2198	2197	5.0
2199	2198	5.0
2200	1859	1.0
2201	2202	1.0
2202	2203	1.0
2203	2204	1.0
2205	2206	1.0
2206	2192	1.0
2207	2208	1.0
2208	2238	1.0
2209	2208	1.0
2210	2209	1.0
2210	2211	1.0
2211	1857	1.0
2212	2213	2.0
2213	2214	2.0
2214	2215	2.0
2215	2216	2.0
2216	2217	2.0
2218	2219	5.0
2219	2220	6.0
2220	2221	6.0
2221	2222	6.0
2222	2223	6.0
2223	2224	6.0
2224	2225	6.0
2225	2226	5.0
2225	2258	1.0
2226	2227	5.0
2227	2228	5.0
2228	2229	5.0
2229	2230	5.0
2230	2231	5.0
2231	2232	5.0
2232	2233	5.0
2233	2234	5.0
2234	2235	5.0
2235	2236	5.0
2236	2237	5.0
2238	2239	2.0
2239	2240	2.0
2240	2241	2.0
2241	2242	2.0
2242	2243	2.0
2243	2192	2.0
2244	2245	1.0
2245	2246	1.0
2246	2247	1.0
2247	2248	1.0
2248	2249	1.0
2249	2250	1.0
2250	2251	1.0
2251	2252	1.0
2252	2253	1.0
2253	2254	1.0
2254	2255	1.0
2256	2210	1.0
2256	2262	1.0
2257	2219	1.0
2258	2259	1.0
2259	2260	1.0
2260	2261	1.0
2262	2263	1.0
2263	2264	1.0
2264	2197	1.0
2265	336	1.0
2266	816	1.0